function [A iA I b e] = ark4_matrices() 
c1 = 0;
c2 = 1/2;
c3 = 83/250;
c4 = 31/50;
c5 = 17/20;
c6 = 1;

b1 = 82889/524892;
b2 = 0;
b3 = 15625/83664;
b4 = 69875/102672;
b5 = -2260/8211;
b6 = 1/4;

a21 = 1/2;

a31 = 13861/62500;
a32 = 6889/62500;

a41 = -116923316275/ 2393684061468;
a42 = -2731218467317/15368042101831;
a43 = 9408046702089/11113171139209;

a51 = -451086348788/ 2902428689909;
a52 = -2682348792572/7519795681897;
a53 = 12662868775082/11960479115383;
a54 = 3355817975965/11060851509271;

a61 = 647845179188/3216320057751;
a62 = 73281519250/8382639484533;
a63 = 552539513391/3454668386233;
a64 = 3354512671639/8306763924573;
a65 = 4040/17871;

ia21=1/4;

ia31=8611/62500;
ia32=-1743/31250;

ia41=5012029/ 34652500;
ia42=-654441/2922500;
ia43=174375/388108;

ia51=15267082809/155376265600;
ia52=-71443401/120774400;
ia53=730878875/902184768;
ia54=2285395/8070912;

ia61=82889/524892;
ia62=0;
ia63=15625/83664;
ia64=69875/102672;
ia65=-2260/8211;   

A = [0 0 0 0 0 0;
     a21 0 0 0 0 0;
     a31 a32 0 0 0 0;
     a41 a42 a43 0 0 0;
     a51 a52 a53 a54 0 0;
     a61 a62 a63 a64 a65 0;];
ia = 1/4;
iA = [0 0 0 0 0 0;
     ia21 ia 0 0 0 0;
     ia31 ia32 ia 0 0 0;
     ia41 ia42 ia43 ia 0 0;
     ia51 ia52 ia53 ia54 ia 0;
     ia61 ia62 ia63 ia64 ia65 ia;];

b = [b1 b2 b3 b4 b5 b6]';




e = ones(6,1);
I = eye(6);

